
T(5)	-1.135	1.135	-2.65	2.65	
U(0,4)	3.98986e-17	4	3.98986e-17	4	
General	
Exp(1,-10,0)	-1.24	-0.05	-3.18	-0.05	
U(0,3)	2.21177e-17	3	2.21177e-17	3	
Charcoal	
SHCal13	
Start Colonization Outlier	
Beta-209903	1070.5	1280.5	1027.5	1300	
Beta-209904	1182	1265.5	1150	1280	
SRR-2430	1225	1275	1187	1290.5	
KIA-17107	1282	1378.5	1275.5	1385.5	
Beta-196716	1279	1387	1229	1400	
Beta-196715	1287.5	1384.5	1279	1392	
Beta-196712	1298	1391	1274	1415	
Beta-196713	1302	1393	1277.5	1417.5	
Beta-196711	1310.5	1395	1293.5	1403.5	
T-7346	1199.5	1296	1052	1390.5	
T-7345	1181	1374.5	1048	1393.5	
KIA-18835	1046.5	1184.5	1040.5	1206.5	
KIA-17569	1312	1395	1297.5	1400.5	
KIA-17110	1319	1393	1301.5	1400.5	
Beta-47281	1226	1383.5	1162.5	1404	
Beta-47173	1051	1288.5	1022	1386	
Beta-47171	1299	1399	1235	1444.5	
Beta-47170	1053	1265	1043.5	1273.5	
Beta-47169	1051	1267	1025.5	1284.5	
Beta-237462	1305	1391.5	1290.5	1400.5	
Beta-237459	1217	1271.5	1177	1285.5	
Beta-199324	904	1021.5	889.5	1030	
Beta-144310	1225.5	1297.5	1206.5	1387	
Beta-144308	1275.5	1380.5	1230	1390.5	
Beta-144307	1217	1271.5	1177	1285.5	
Beta-144306	1210	1380.5	1054.5	1398.5	
AZ-7	1299	1390	1285	1400	
AZ-5	1278	1390.5	1225.5	1405.5	
Colonization	
End	
Rapa Nui Colonization	
@General	-30	26	-147.5	87.5	
@	
@	5.37764e-17	2.364	5.37764e-17	3.908	
@Charcoal	-63.5	-0.5	-265	2.5	
@	
@	1.575	1.905	1.275	2.115	
@Start Colonization Outlier	1210.5	1263	1151.5	1277	
@Beta-209903	1231	1290.5	1190.5	1381.5	
@Beta-209904	1239	1276.5	1193	1287.5	
@SRR-2430	1243.5	1282	1213.5	1297.5	
@KIA-17107	1281.5	1375	1274	1384.5	
@Beta-196716	1276	1379.5	1240.5	1393.5	
@Beta-196715	1285.5	1377.5	1278	1387	
@Beta-196712	1294	1365	1275.5	1396	
@Beta-196713	1295.5	1365	1278	1397.5	
@Beta-196711	1303	1361	1291	1395.5	
@T-7346	1249.5	1338.5	1221	1394.5	
@T-7345	1249	1341	1220.5	1395.5	
@KIA-18835	1218.5	1313	1176.5	1378	
@KIA-17569	1325	1377.5	1306	1406	
@KIA-17110	1328.5	1375	1314	1405.5	
@Beta-47281	1271	1367	1234.5	1401.5	
@Beta-47173	1241	1336.5	1206	1394.5	
@Beta-47171	1311.5	1381.5	1269	1413.5	
@Beta-47170	1230.5	1320.5	1195.5	1380.5	
@Beta-47169	1234	1324	1196.5	1385.5	
@Beta-237462	1320.5	1379.5	1300.5	1406	
@Beta-237459	1244	1321.5	1219	1379	
@Beta-199324	1219	1315	1141	1384.5	
@Beta-144310	1259.5	1343.5	1236	1393	
@Beta-144308	1290.5	1376	1266.5	1406.5	
@Beta-144307	1243.5	1321.5	1219.5	1380	
@Beta-144306	1254	1348.5	1225	1398.5	
@AZ-7	1317	1379.5	1295.5	1405.5	
@AZ-5	1298	1379.5	1253	1406.5	
@End	1365.5	1411	1338.5	1435.5	