
T(5)	-1.135	1.135	-2.65	2.65	
U(0,4)	3.98986e-17	4	3.98986e-17	4	
General	
SHCal13	
Start Colonization SL	
Beta-209903	1070.5	1280.5	1027.5	1300	
Beta-209904	1182	1265.5	1150	1280	
SRR-2430	1225	1275	1187	1290.5	
KIA-17107	1282	1378.5	1275.5	1385.5	
Beta-196716	1279	1387	1229	1400	
Beta-196715	1287.5	1384.5	1279	1392	
Beta-196712	1298	1391	1274	1415	
Beta-196713	1302	1393	1277.5	1417.5	
Beta-196711	1310.5	1395	1293.5	1403.5	
Colonization	
End	
Rapa Nui Colonization	
@General	-31.5	27	-116	95	
@	
@	5.37764e-17	2.332	5.37764e-17	3.86	
@Start Colonization SL	1207	1270.5	1150	1288.5	
@Beta-209903	1238.5	1293.5	1183	1371.5	
@Beta-209904	1239	1280.5	1194	1293.5	
@SRR-2430	1244	1285	1217	1297.5	
@KIA-17107	1280.5	1310.5	1273.5	1380.5	
@Beta-196716	1269	1327.5	1243	1386	
@Beta-196715	1279	1323	1274	1382	
@Beta-196712	1280	1336.5	1269	1390.5	
@Beta-196713	1281.5	1340	1271	1391.5	
@Beta-196711	1290.5	1340	1282.5	1389.5	
@End	1306.5	1397	1290.5	1433.5	