
Exp(1,-10,0)	-1.24	-0.05	-3.18	-0.05	
U(0,3)	2.21177e-017	3	2.21177e-017	3	
Charcoal	
T(5)	-1.135	1.135	-2.65	2.65	
U(0,4)	3.98986e-017	4	3.98986e-017	4	
General	
SHCal13	
Start_Colonization	1210.5	1263	1151.5	1277	
After()	1244.5		1266		
Start TPQs	
AZ-23	1295.5	1390	1281	1402	
AZ-25	1312.5	1399	1295.5	1408.5	
Beta-95878	1280.5	1395	1212.5	1437.5	
Beta-106319	1391.5	1444.5	1314	1455.5	
AZ-28	1403.5	1438	1326	1453.5	
AZ-13	1405.5	1448.5	1320.5	1486	
TPQ	
End TPQs	
Start Te Niu	
Start TAQs	
AZ-14	1641.5	1947	1515.5		
AZ-22	1509.5	1649	1482	1667.5	
Beta-95879	1637.5		1504.5		
AZ-8	1490.5	1627	1459.5	1638.5	
SHCal13	
Marine13	
LocalMarine	-119	-47	-151.5	-14.5	
Mixed	40	60	30	70	
AZ-20	1645.5	1805.5	1531.5		
TAQ	
End Te Niu	
U(1838,1868)	1838	1868	1838	1868	
Moai Fall		1847.7		1839.54	
Te Niu	
@Charcoal	-17	2.5	-74	2.5	
@	
@	0.441	1.614	3.59955e-017	1.776	
@General	-26	30	-155.5	185	
@	
@	5.37764e-017	2.672	5.37764e-017	3.96	
@Start_Colonization	1210.5	1262.5	1152	1277.5	
@Start TPQs	1336.5	1417.5	1274	1434	
@AZ-23	1371	1428	1316.5	1449	
@AZ-25	1377.5	1433	1323.5	1446.5	
@Beta-95878	1374.5	1433	1316	1454	
@Beta-106319	1398	1437	1326.5	1465	
@AZ-28	1401	1431.5	1388	1451	
@AZ-13	1402	1440.5	1331	1472	
@End TPQs	1411.5	1461.5	1397	1517.5	
@Start Te Niu	1436	1536.5	1416.5	1611.5	
@Start TAQs	1499	1641	1453.5	1655	
@AZ-14	1526.5	1744	1515.5	1797.5	
@AZ-22	1534.5	1662.5	1509.5	1669.5	
@Beta-95879	1529	1709	1512.5	1784.5	
@AZ-8	1562.5	1660	1498.5	1685	
@LocalMarine	-123	-52.5	-157.5	-18	
@Mixed	37	58	26.6	67.8	
@AZ-20	1531.5	1709.5	1516.5	1792	
@End Te Niu	1647	1804	1534	1853	
@	1843.91	1867.73	1838.48	1867.73	